345
393
128
323
117
87
297
138
31
307
175
387
30
233
344
226
257
159
322
189
109
76
335
188
80
250
149
39
353
262
317
100
271
77
95
182
132
178
303
170
109
265
131
187
53
204
32
127
276
359
89
6
331
23
191
99
294
230
42
292
240
378
52
224
388
204
95
308
334
358
149
127
159
364
398
273
79
81
314
48
203
155
371
12
186
153
373
317
282
181
327
264
290
297
140
27
121
16
211
255
105
355
256
101
223
356
43
369
271
61
86
67
214
334
28
366
117
174
171
382
307
259
46
65
14
224
78
33
284
71
120
278
346
269
252
43
154
124
50
58
377
253
179
12
138
141
142
21
356
135
328
217
276
56
232
202
251
44
228
343
370
55
162
318
149
220
368
225
184
40
294
63
38
203
54
299
280
104
355
53
306
267
65
367
148
216
253
279
143
151
127
319
125
391
342
7
202
351
83
4
215
341
336
183
150
318
160
367
59
232
177
274
191
191
359
181
47
321
81
146
172
210
68
166
20
283
69
34
180
360
317
113
90
399
248
100
270
270
146
335
315
243
339
320
269
245
234
195
67
229
284
364
202
184
114
35
337
359
247
306
22
365
293
254
261
145
246
190
42
190
85
242
304
179
377
158
73
176
343
205
266
214
267
388
379
384
132
51
274
338
291
40
370
249
349
18
268
46
30
396
197
68
12
362
148
102
305
199
70
249
303
361
253
285
159
309
375
106
200
45
295
389
222
125
108
168
310
335
4
387
108
129
336
186
211
169
128
358
382
206
251
72
70
194
8
279
45
236
246
320
241
296
238
325
383
182
100
131
397
64
90
372
349
385
274
33
75
354
350
217
175
383
330
257
161
89
390
251
117
357
136
82
62
261
272
212
5
302
221
287
80
170
213
54
289
184
24
111
334
144
286
347
198
163
80
328
338
258
265
243
98
225
362
101
313
293
321
87
298
307
145
249
387
25
18
131
112
227
68
3
19
374
272
188
390
345
20
287
304
289
391
275
135
324
166
257
174
193
283
81
259
47
296
9
332
376
105
84
160
204
107
201
264
151
219
125
87
13
327
77
95
206
381
285
250
199
38
181
112
88
365
288
268
210
150
91
14
365
126
280
314
315
199
242
374
51
63
234
35
260
352
59
292
180
275
348
396
322
216
357
287
4
250
255
48
245
178
73
358
44
164
151
138
271
93
2
22
137
170
36
175
208
116
308
116
394
392
235
280
237
1
11
273
60
35
300
48
390
235
377
78
329
29
212
312
292
277
96
20
226
326
115
278
231
50
333
134
104
201
244
103
315
38
165
302
180
24
143
160
291
146
167
166
16
102
223
162
141
110
395
28
15
91
320
118
46
26
140
238
109
148
133
239
168
321
378
220
322
53
5
28
94
182
15
37
284
57
163
123
312
157
351
245
185
130
233
157
54
101
85
7
397
134
326
239
169
139
49
258
89
195
369
45
11
210
229
331
344
185
329
351
168
49
97
62
255
356
283
301
47
342
187
340
218
263
3
114
269
375
294
336
1
83
50
311
60
304
278
225
112
207
196
152
345
6
85
145
60
237
209
16
319
37
378
238
36
83
265
31
59
174
360
156
398
77
144
144
386
32
198
237
140
17
92
381
341
189
113
311
339
393
74
343
7
288
26
383
66
272
195
147
211
244
192
362
94
363
102
380
386
173
31
203
150
296
41
239
43
142
306
286
25
17
187
129
122
41
397
49
107
69
169
105
361
119
372
176
10
70
281
39
93
266
342
316
15
